pruid,prname,prnameFR,date,numconf,numprob,numdeaths,numtotal,numtested,numtoday,percentoday
35,Ontario,Ontario,31-01-2020,3,0,0,3,,,
59,British Columbia,Colombie-Britannique,31-01-2020,1,0,0,1,,,
1,Canada,Canada,31-01-2020,4,0,0,4,,,
35,Ontario,Ontario,08-02-2020,3,0,0,3,,,
59,British Columbia,Colombie-Britannique,08-02-2020,4,0,0,4,,,
1,Canada,Canada,08-02-2020,7,0,0,7,,,
35,Ontario,Ontario,16-02-2020,3,0,0,3,,,
59,British Columbia,Colombie-Britannique,16-02-2020,5,0,0,5,,,
1,Canada,Canada,16-02-2020,8,0,0,8,,,
35,Ontario,Ontario,21-02-2020,3,0,0,3,,,
59,British Columbia,Colombie-Britannique,21-02-2020,6,0,0,6,,,
1,Canada,Canada,21-02-2020,9,0,0,9,,,
35,Ontario,Ontario,24-02-2020,4,0,0,4,,,
59,British Columbia,Colombie-Britannique,24-02-2020,6,0,0,6,,,
1,Canada,Canada,24-02-2020,10,0,0,10,,,
35,Ontario,Ontario,25-02-2020,4,0,0,4,,,
59,British Columbia,Colombie-Britannique,25-02-2020,7,0,0,7,,,
1,Canada,Canada,25-02-2020,11,0,0,11,,,
35,Ontario,Ontario,26-02-2020,5,0,0,5,,,
59,British Columbia,Colombie-Britannique,26-02-2020,7,0,0,7,,,
1,Canada,Canada,26-02-2020,12,0,0,12,,,
35,Ontario,Ontario,27-02-2020,6,0,0,6,,,
59,British Columbia,Colombie-Britannique,27-02-2020,7,0,0,7,,,
1,Canada,Canada,27-02-2020,13,0,0,13,,,
35,Ontario,Ontario,29-02-2020,8,0,0,8,,,
59,British Columbia,Colombie-Britannique,29-02-2020,7,0,0,7,,,
1,Canada,Canada,29-02-2020,15,0,0,15,,,
35,Ontario,Ontario,01-03-2020,15,0,0,15,,,
59,British Columbia,Colombie-Britannique,01-03-2020,8,0,0,8,,,
24,Quebec,Québec,01-03-2020,1,0,0,1,,,
1,Canada,Canada,01-03-2020,24,0,0,24,,,
35,Ontario,Ontario,03-03-2020,20,0,0,20,,,
59,British Columbia,Colombie-Britannique,03-03-2020,12,0,0,12,,,
24,Quebec,Québec,03-03-2020,1,0,0,1,,,
1,Canada,Canada,03-03-2020,33,0,0,33,,,
35,Ontario,Ontario,05-03-2020,22,0,0,22,,,
59,British Columbia,Colombie-Britannique,05-03-2020,21,0,0,21,,,
24,Quebec,Québec,05-03-2020,2,0,0,2,,,
1,Canada,Canada,05-03-2020,45,0,0,45,,,
35,Ontario,Ontario,06-03-2020,28,0,0,28,,,
59,British Columbia,Colombie-Britannique,06-03-2020,21,0,0,21,,,
24,Quebec,Québec,06-03-2020,2,0,0,2,,,
1,Canada,Canada,06-03-2020,51,0,0,51,,,
35,Ontario,Ontario,07-03-2020,28,0,0,28,,,
59,British Columbia,Colombie-Britannique,07-03-2020,27,0,0,27,,,
24,Quebec,Québec,07-03-2020,2,0,0,2,,,
1,Canada,Canada,07-03-2020,57,0,0,57,,,
35,Ontario,Ontario,08-03-2020,31,0,0,31,,,
59,British Columbia,Colombie-Britannique,08-03-2020,27,0,0,27,,,
24,Quebec,Québec,08-03-2020,3,0,0,3,,,
48,Alberta,Alberta,08-03-2020,1,0,0,1,,,
1,Canada,Canada,08-03-2020,62,0,0,62,,,
35,Ontario,Ontario,09-03-2020,34,0,0,34,,,
59,British Columbia,Colombie-Britannique,09-03-2020,32,0,0,32,,,
24,Quebec,Québec,09-03-2020,4,0,0,4,,,
48,Alberta,Alberta,09-03-2020,7,0,0,7,,,
1,Canada,Canada,09-03-2020,77,0,0,77,,,
35,Ontario,Ontario,11-03-2020,42,0,0,42,3394,,
59,British Columbia,Colombie-Britannique,11-03-2020,39,0,0,39,4373,,
24,Quebec,Québec,11-03-2020,7,0,0,7,556,,
48,Alberta,Alberta,11-03-2020,14,0,0,14,1969,,
99,Repatriated Travellers,Voyageurs rapatriés,11-03-2020,1,0,0,1,0,,
47,Saskatchewan,Saskatchewan,11-03-2020,0,0,0,0,204,,
46,Manitoba,Manitoba,11-03-2020,0,0,0,0,352,,
13,New Brunswick,Nouveau-Brunswick,11-03-2020,0,0,0,0,22,,
10,Newfoundland and Labrador,Terre-Neuve-et-Labrador,11-03-2020,0,0,0,0,44,,
12,Nova Scotia,Nouvelle-Écosse,11-03-2020,0,0,0,0,103,,
11,Prince Edward Island,Île-du-Prince-Édouard,11-03-2020,0,0,0,0,6,,
60,Yukon,Yukon,11-03-2020,,,,,0,,
61,Northwest Territories,Territoires du Nord-Ouest,11-03-2020,,,,,0,,
62,Nunavut,Nunavut,11-03-2020,,,,,0,,
1,Canada,Canada,11-03-2020,103,0,0,103,11023,,
59,British Columbia,Colombie-Britannique,12-03-2020,46,0,0,46,5195,,
48,Alberta,Alberta,12-03-2020,19,0,0,19,4109,,
47,Saskatchewan,Saskatchewan,12-03-2020,0,1,0,1,285,,
46,Manitoba,Manitoba,12-03-2020,0,1,0,1,352,,
35,Ontario,Ontario,12-03-2020,59,0,0,59,4185,,
24,Quebec,Québec,12-03-2020,13,0,0,13,740,,
13,New Brunswick,Nouveau-Brunswick,12-03-2020,0,1,0,1,44,,
10,Newfoundland and Labrador,Terre-Neuve-et-Labrador,12-03-2020,0,0,0,0,52,,
12,Nova Scotia,Nouvelle-Écosse,12-03-2020,0,0,0,0,182,,
11,Prince Edward Island,Île-du-Prince-Édouard,12-03-2020,0,0,0,0,6,,
61,Northwest Territories,Territoires du Nord-Ouest,12-03-2020,0,0,0,0,34,,
62,Nunavut,Nunavut,12-03-2020,0,0,0,0,1,,
99,Repatriated Travellers,Voyageurs rapatriés,12-03-2020,1,0,0,1,0,,
60,Yukon,Yukon,12-03-2020,,,,,0,,
1,Canada,Canada,12-03-2020,138,3,0,141,15185,,
59,British Columbia,Colombie-Britannique,13-03-2020,53,0,0,53,5195,,
48,Alberta,Alberta,13-03-2020,23,0,0,23,4109,,
47,Saskatchewan,Saskatchewan,13-03-2020,0,1,0,1,285,,
46,Manitoba,Manitoba,13-03-2020,1,2,0,3,352,,
35,Ontario,Ontario,13-03-2020,79,0,0,79,4185,,
24,Quebec,Québec,13-03-2020,17,0,0,17,740,,
11,Prince Edward Island,Île-du-Prince-Édouard,13-03-2020,,,,,6,,
10,Newfoundland and Labrador,Terre-Neuve-et-Labrador,13-03-2020,,,,,52,,
13,New Brunswick,Nouveau-Brunswick,13-03-2020,1,0,0,1,44,,
12,Nova Scotia,Nouvelle-Écosse,13-03-2020,,,,,182,,
99,Repatriated Travellers,Voyageurs rapatriés,13-03-2020,2,0,0,2,0,,
60,Yukon,Yukon,13-03-2020,,,,,0,,
61,Northwest Territories,Territoires du Nord-Ouest,13-03-2020,,,,,34,,
62,Nunavut,Nunavut,13-03-2020,,,,,1,,
1,Canada,Canada,13-03-2020,176,3,0,179,15185,,
59,British Columbia,Colombie-Britannique,14-03-2020,64,0,0,64,7033,,
48,Alberta,Alberta,14-03-2020,29,0,0,29,5247,,
47,Saskatchewan,Saskatchewan,14-03-2020,0,2,0,2,349,,
46,Manitoba,Manitoba,14-03-2020,1,3,0,4,837,,
35,Ontario,Ontario,14-03-2020,79,0,0,79,6646,,
24,Quebec,Québec,14-03-2020,17,0,0,17,1584,,
13,New Brunswick,Nouveau-Brunswick,14-03-2020,1,1,0,2,82,,
10,Newfoundland and Labrador,Terre-Neuve-et-Labrador,14-03-2020,0,0,0,0,62,,
12,Nova Scotia,Nouvelle-Écosse,14-03-2020,0,0,0,0,481,,
11,Prince Edward Island,Île-du-Prince-Édouard,14-03-2020,0,0,0,0,6,,
60,Yukon,Yukon,14-03-2020,0,0,0,0,0,,
61,Northwest Territories,Territoires du Nord-Ouest,14-03-2020,0,0,0,0,76,,
62,Nunavut,Nunavut,14-03-2020,0,0,0,0,6,,
99,Repatriated Travellers,Voyageurs rapatriés,14-03-2020,2,0,0,2,0,,
1,Canada,Canada,14-03-2020,193,6,0,199,22409,,
59,British Columbia,Colombie-Britannique,15-03-2020,73,0,0,73,7033,,
48,Alberta,Alberta,15-03-2020,39,0,0,39,5247,,
47,Saskatchewan,Saskatchewan,15-03-2020,0,2,0,2,349,,
46,Manitoba,Manitoba,15-03-2020,4,0,0,4,837,,
35,Ontario,Ontario,15-03-2020,103,0,0,103,8461,,
24,Quebec,Québec,15-03-2020,24,0,0,24,2337,,
10,Newfoundland and Labrador,Terre-Neuve-et-Labrador,15-03-2020,0,1,0,1,62,,
13,New Brunswick,Nouveau-Brunswick,15-03-2020,1,1,0,2,82,,
11,Prince Edward Island,Île-du-Prince-Édouard,15-03-2020,1,0,0,1,6,,
12,Nova Scotia,Nouvelle-Écosse,15-03-2020,0,0,0,0,481,,
60,Yukon,Yukon,15-03-2020,0,0,0,0,0,,
61,Northwest Territories,Territoires du Nord-Ouest,15-03-2020,0,0,0,0,76,,
62,Nunavut,Nunavut,15-03-2020,0,0,0,0,6,,
99,Repatriated Travellers,Voyageurs rapatriés,15-03-2020,4,0,0,4,0,,
1,Canada,Canada,15-03-2020,249,4,0,253,24977,,
59,British Columbia,Colombie-Britannique,16-03-2020,73,0,0,73,9926,,
48,Alberta,Alberta,16-03-2020,56,0,0,56,10238,,
47,Saskatchewan,Saskatchewan,16-03-2020,1,5,0,6,881,,
46,Manitoba,Manitoba,16-03-2020,4,3,0,7,1848,,
35,Ontario,Ontario,16-03-2020,145,0,0,145,10178,,
24,Quebec,Québec,16-03-2020,39,0,0,39,3129,,
10,Newfoundland and Labrador,Terre-Neuve-et-Labrador,16-03-2020,0,1,0,1,161,,
13,New Brunswick,Nouveau-Brunswick,16-03-2020,1,5,0,6,143,,
12,Nova Scotia,Nouvelle-Écosse,16-03-2020,0,3,0,3,1075,,
11,Prince Edward Island,Île-du-Prince-Édouard,16-03-2020,1,0,0,1,6,,
60,Yukon,Yukon,16-03-2020,,,,,0,,
61,Northwest Territories,Territoires du Nord-Ouest,16-03-2020,,,,,138,,
99,Repatriated Travellers,Voyageurs rapatriés,16-03-2020,4,0,0,4,0,,
62,Nunavut,Nunavut,16-03-2020,,,,,7,,
1,Canada,Canada,16-03-2020,324,17,0,341,37730,,
59,British Columbia,Colombie-Britannique,17-03-2020,103,0,0,103,11612,,
48,Alberta,Alberta,17-03-2020,74,0,0,74,11487,,
47,Saskatchewan,Saskatchewan,17-03-2020,2,5,0,7,1066,,
46,Manitoba,Manitoba,17-03-2020,7,0,0,7,2216,,
35,Ontario,Ontario,17-03-2020,177,0,0,177,11167,,
24,Quebec,Québec,17-03-2020,50,0,0,50,4870,,
10,Newfoundland and Labrador,Terre-Neuve-et-Labrador,17-03-2020,0,1,0,1,161,,
13,New Brunswick,Nouveau-Brunswick,17-03-2020,2,5,0,7,295,,
12,Nova Scotia,Nouvelle-Écosse,17-03-2020,0,5,0,5,1075,,
11,Prince Edward Island,Île-du-Prince-Édouard,17-03-2020,1,0,0,1,75,,
60,Yukon,Yukon,17-03-2020,,,,,0,,
61,Northwest Territories,Territoires du Nord-Ouest,17-03-2020,,,,,145,,
62,Nunavut,Nunavut,17-03-2020,,,,,7,,
99,Repatriated Travellers,Voyageurs rapatriés,17-03-2020,8,0,0,8,0,,
1,Canada,Canada,17-03-2020,424,16,0,440,44176,,
59,British Columbia,Colombie-Britannique,18-03-2020,186,0,0,186,13388,,
48,Alberta,Alberta,18-03-2020,97,0,0,97,13686,,
47,Saskatchewan,Saskatchewan,18-03-2020,2,6,0,8,1910,,
46,Manitoba,Manitoba,18-03-2020,8,7,0,15,2739,,
35,Ontario,Ontario,18-03-2020,189,0,0,189,13869,,
24,Quebec,Québec,18-03-2020,74,0,0,74,5880,,
10,Newfoundland and Labrador,Terre-Neuve-et-Labrador,18-03-2020,0,3,0,3,161,,
13,New Brunswick,Nouveau-Brunswick,18-03-2020,2,6,0,8,408,,
12,Nova Scotia,Nouvelle-Écosse,18-03-2020,1,6,0,7,1278,,
60,Yukon,Yukon,18-03-2020,,,,,0,,
11,Prince Edward Island,Île-du-Prince-Édouard,18-03-2020,1,0,0,1,75,,
61,Northwest Territories,Territoires du Nord-Ouest,18-03-2020,,,,,145,,
99,Repatriated Travellers,Voyageurs rapatriés,18-03-2020,9,0,0,9,0,,
62,Nunavut,Nunavut,18-03-2020,,,,,7,,
1,Canada,Canada,18-03-2020,569,28,0,597,53546,,
59,British Columbia,Colombie-Britannique,19-03-2020,271,0,0,271,16382,,
48,Alberta,Alberta,19-03-2020,146,0,0,146,16507,,
47,Saskatchewan,Saskatchewan,19-03-2020,8,12,0,20,1910,,
46,Manitoba,Manitoba,19-03-2020,17,0,0,17,3189,,
35,Ontario,Ontario,19-03-2020,258,0,0,258,18488,,
24,Quebec,Québec,19-03-2020,121,0,0,121,6757,,
10,Newfoundland and Labrador,Terre-Neuve-et-Labrador,19-03-2020,1,2,0,3,267,,
13,New Brunswick,Nouveau-Brunswick,19-03-2020,7,4,0,11,527,,
12,Nova Scotia,Nouvelle-Écosse,19-03-2020,5,9,0,14,1520,,
11,Prince Edward Island,Île-du-Prince-Édouard,19-03-2020,2,0,0,2,75,,
61,Northwest Territories,Territoires du Nord-Ouest,19-03-2020,0,0,0,0,221,,
62,Nunavut,Nunavut,19-03-2020,0,0,0,0,8,,
60,Yukon,Yukon,19-03-2020,0,0,0,0,0,,
99,Repatriated Travellers,Voyageurs rapatriés,19-03-2020,10,0,0,10,0,,
1,Canada,Canada,19-03-2020,846,27,0,873,65851,,
59,British Columbia,Colombie-Britannique,20-03-2020,271,0,8,271,18792,,
48,Alberta,Alberta,20-03-2020,195,0,1,195,19782,,
47,Saskatchewan,Saskatchewan,20-03-2020,8,18,0,26,1910,,
46,Manitoba,Manitoba,20-03-2020,17,0,0,17,3367,,
35,Ontario,Ontario,20-03-2020,311,0,2,311,21499,,
24,Quebec,Québec,20-03-2020,139,0,1,139,8539,,
10,Newfoundland and Labrador,Terre-Neuve-et-Labrador,20-03-2020,3,1,0,4,287,,
13,New Brunswick,Nouveau-Brunswick,20-03-2020,7,4,0,11,640,,
12,Nova Scotia,Nouvelle-Écosse,20-03-2020,5,10,0,15,1647,,
11,Prince Edward Island,Île-du-Prince-Édouard,20-03-2020,2,0,0,2,75,,
61,Northwest Territories,Territoires du Nord-Ouest,20-03-2020,0,0,0,0,268,,
62,Nunavut,Nunavut,20-03-2020,0,0,0,0,8,,
60,Yukon,Yukon,20-03-2020,0,0,0,0,0,,
99,Repatriated Travellers,Voyageurs rapatriés,20-03-2020,13,0,0,13,0,,
1,Canada,Canada,20-03-2020,971,33,12,1004,76814,,
59,British Columbia,Colombie-Britannique,21-03-2020,424,0,10,424,20417,,
48,Alberta,Alberta,21-03-2020,226,0,1,226,23060,,
47,Saskatchewan,Saskatchewan,21-03-2020,25,19,0,44,3807,,
46,Manitoba,Manitoba,21-03-2020,11,8,0,19,3668,,
35,Ontario,Ontario,21-03-2020,377,0,3,377,25470,,
24,Quebec,Québec,21-03-2020,202,19,4,221,8539,,
10,Newfoundland and Labrador,Terre-Neuve-et-Labrador,21-03-2020,3,3,0,6,299,,
13,New Brunswick,Nouveau-Brunswick,21-03-2020,9,8,0,17,865,,
12,Nova Scotia,Nouvelle-Écosse,21-03-2020,9,12,0,21,1956,,
11,Prince Edward Island,Île-du-Prince-Édouard,21-03-2020,2,0,0,2,75,,
61,Northwest Territories,Territoires du Nord-Ouest,21-03-2020,1,0,0,1,301,,
62,Nunavut,Nunavut,21-03-2020,0,0,0,0,10,,
60,Yukon,Yukon,21-03-2020,0,0,0,0,416,,
99,Repatriated Travellers,Voyageurs rapatriés,21-03-2020,13,0,0,13,0,,
1,Canada,Canada,21-03-2020,1302,69,18,1371,88883,,
59,British Columbia,Colombie-Britannique,22-03-2020,424,0,10,424,22135,,
48,Alberta,Alberta,22-03-2020,259,0,1,259,26999,,
47,Saskatchewan,Saskatchewan,22-03-2020,33,19,0,52,4407,,
46,Manitoba,Manitoba,22-03-2020,11,8,0,19,3936,,
35,Ontario,Ontario,22-03-2020,425,0,5,425,28570,,
24,Quebec,Québec,22-03-2020,221,0,4,221,8539,,
10,Newfoundland and Labrador,Terre-Neuve-et-Labrador,22-03-2020,3,6,0,9,299,,
13,New Brunswick,Nouveau-Brunswick,22-03-2020,9,8,0,17,924,,
12,Nova Scotia,Nouvelle-Écosse,22-03-2020,28,0,0,28,2210,,
11,Prince Edward Island,Île-du-Prince-Édouard,22-03-2020,3,0,0,3,75,,
61,Northwest Territories,Territoires du Nord-Ouest,22-03-2020,1,0,0,1,301,,
62,Nunavut,Nunavut,22-03-2020,0,0,0,0,13,,
60,Yukon,Yukon,22-03-2020,0,0,0,0,416,,
99,Repatriated Travellers,Voyageurs rapatriés,22-03-2020,13,0,0,13,0,,
1,Canada,Canada,22-03-2020,1430,41,20,1471,98824,,
59,British Columbia,Colombie-Britannique,23-03-2020,472,0,13,472,23460,,
48,Alberta,Alberta,23-03-2020,301,0,1,301,29757,,
47,Saskatchewan,Saskatchewan,23-03-2020,65,1,0,66,5130,,
46,Manitoba,Manitoba,23-03-2020,11,9,0,20,4133,,
35,Ontario,Ontario,23-03-2020,503,0,6,503,30688,,
24,Quebec,Québec,23-03-2020,221,407,4,628,8539,,
10,Newfoundland and Labrador,Terre-Neuve-et-Labrador,23-03-2020,4,20,0,24,894,,
13,New Brunswick,Nouveau-Brunswick,23-03-2020,9,8,0,17,1139,,
12,Nova Scotia,Nouvelle-Écosse,23-03-2020,41,0,0,41,2408,,
11,Prince Edward Island,Île-du-Prince-Édouard,23-03-2020,3,0,0,3,206,,
61,Northwest Territories,Territoires du Nord-Ouest,23-03-2020,1,0,0,1,364,,
62,Nunavut,Nunavut,23-03-2020,0,0,0,0,13,,
60,Yukon,Yukon,23-03-2020,2,0,0,2,416,,
99,Repatriated Travellers,Voyageurs rapatriés,23-03-2020,13,0,0,13,0,,
1,Canada,Canada,23-03-2020,1646,445,24,2091,107147,,
59,British Columbia,Colombie-Britannique,24-03-2020,617,0,13,617,26305,,
48,Alberta,Alberta,24-03-2020,358,0,2,358,32776,,
47,Saskatchewan,Saskatchewan,24-03-2020,72,0,0,72,5604,,
46,Manitoba,Manitoba,24-03-2020,11,10,0,21,4406,,
35,Ontario,Ontario,24-03-2020,588,0,8,588,34727,,
24,Quebec,Québec,24-03-2020,221,792,4,1013,15071,,
10,Newfoundland and Labrador,Terre-Neuve-et-Labrador,24-03-2020,4,31,0,35,1087,,
13,New Brunswick,Nouveau-Brunswick,24-03-2020,18,0,0,18,1261,,
12,Nova Scotia,Nouvelle-Écosse,24-03-2020,51,0,0,51,2641,,
11,Prince Edward Island,Île-du-Prince-Édouard,24-03-2020,3,0,0,3,206,,
60,Yukon,Yukon,24-03-2020,2,0,0,2,416,,
61,Northwest Territories,Territoires du Nord-Ouest,24-03-2020,1,0,0,1,481,,
62,Nunavut,Nunavut,24-03-2020,0,0,0,0,81,,
99,Repatriated Travellers,Voyageurs rapatriés,24-03-2020,13,0,0,13,0,,
1,Canada,Canada,24-03-2020,1959,833,27,2792,125062,,
59,British Columbia,Colombie-Britannique,25-03-2020,659,0,14,659,28344,,
48,Alberta,Alberta,25-03-2020,419,0,2,419,35508,,
47,Saskatchewan,Saskatchewan,25-03-2020,86,0,0,86,6111,,
46,Manitoba,Manitoba,25-03-2020,11,24,0,35,4740,,
35,Ontario,Ontario,25-03-2020,688,0,13,688,38040,,
24,Quebec,Québec,25-03-2020,1339,0,6,1339,27828,,
10,Newfoundland and Labrador,Terre-Neuve-et-Labrador,25-03-2020,67,0,0,67,1235,,
13,New Brunswick,Nouveau-Brunswick,25-03-2020,26,0,0,26,1680,,
12,Nova Scotia,Nouvelle-Écosse,25-03-2020,68,0,0,68,3008,,
11,Prince Edward Island,Île-du-Prince-Édouard,25-03-2020,5,0,0,5,301,,
61,Northwest Territories,Territoires du Nord-Ouest,25-03-2020,1,0,0,1,481,,
62,Nunavut,Nunavut,25-03-2020,0,0,0,0,97,,
60,Yukon,Yukon,25-03-2020,3,0,0,3,416,,
99,Repatriated travellers,Voyageurs rapatriés,25-03-2020,13,0,0,13,0,,
1,Canada,Canada,25-03-2020,3385,24,35,3409,147789,,
59,British Columbia,Colombie-Britannique,26-03-2020,725,0,14,725,30238,,
48,Alberta,Alberta,26-03-2020,486,0,2,486,36600,,
47,Saskatchewan,Saskatchewan,26-03-2020,95,0,0,95,6729,,
46,Manitoba,Manitoba,26-03-2020,11,25,0,36,5429,,
35,Ontario,Ontario,26-03-2020,858,0,15,858,41217,,
24,Quebec,Québec,26-03-2020,1629,0,8,1629,33311,,
10,Newfoundland and Labrador,Terre-Neuve-et-Labrador,26-03-2020,82,0,0,82,1447,,
13,New Brunswick,Nouveau-Brunswick,26-03-2020,33,0,0,33,1849,,
12,Nova Scotia,Nouvelle-Écosse,26-03-2020,73,0,0,73,3417,,
11,Prince Edward Island,Île-du-Prince-Édouard,26-03-2020,9,0,0,9,353,,
61,Northwest Territories,Territoires du Nord-Ouest,26-03-2020,1,0,0,1,481,,
62,Nunavut,Nunavut,26-03-2020,0,0,0,0,116,,
60,Yukon,Yukon,26-03-2020,3,0,0,3,416,,
99,Repatriated travellers,Voyageurs rapatriés,26-03-2020,13,0,0,13,0,,
1,Canada,Canada,26-03-2020,4018,25,39,4043,161603,,
59,British Columbia,Colombie-Britannique,27-03-2020,725,0,14,725,31536,,
48,Alberta,Alberta,27-03-2020,542,0,2,542,38215,,
47,Saskatchewan,Saskatchewan,27-03-2020,104,0,0,104,7360,,
46,Manitoba,Manitoba,27-03-2020,25,14,1,39,6022,,
35,Ontario,Ontario,27-03-2020,993,0,18,993,43651,,
24,Quebec,Québec,27-03-2020,2021,0,18,2021,34356,,
10,Newfoundland and Labrador,Terre-Neuve-et-Labrador,27-03-2020,102,0,0,102,1684,,
13,New Brunswick,Nouveau-Brunswick,27-03-2020,45,0,0,45,2179,,
12,Nova Scotia,Nouvelle-Écosse,27-03-2020,90,0,0,90,3946,,
11,Prince Edward Island,Île-du-Prince-Édouard,27-03-2020,11,0,0,11,422,,
61,Northwest Territories,Territoires du Nord-Ouest,27-03-2020,1,0,0,1,545,,
62,Nunavut,Nunavut,27-03-2020,0,0,0,0,125,,
60,Yukon,Yukon,27-03-2020,3,0,0,3,603,,
99,Repatriated travellers,Voyageurs rapatriés,27-03-2020,13,0,0,13,0,,
1,Canada,Canada,27-03-2020,4675,14,53,4689,170644,,
59,British Columbia,Colombie-Britannique,28-03-2020,884,0,16,884,31536,,
48,Alberta,Alberta,28-03-2020,542,0,2,542,38215,,
47,Saskatchewan,Saskatchewan,28-03-2020,134,0,0,134,8009,,
46,Manitoba,Manitoba,28-03-2020,25,39,1,64,6931,,
35,Ontario,Ontario,28-03-2020,993,0,18,993,45836,,
24,Quebec,Québec,28-03-2020,2498,0,22,2498,46087,,
10,Newfoundland and Labrador,Terre-Neuve-et-Labrador,28-03-2020,120,0,0,120,1907,,
13,New Brunswick,Nouveau-Brunswick,28-03-2020,51,0,0,51,2512,,
12,Nova Scotia,Nouvelle-Écosse,28-03-2020,110,0,0,110,4487,,
11,Prince Edward Island,Île-du-Prince-Édouard,28-03-2020,11,0,0,11,422,,
61,Northwest Territories,Territoires du Nord-Ouest,28-03-2020,1,0,0,1,740,,
62,Nunavut,Nunavut,28-03-2020,0,0,0,0,125,,
60,Yukon,Yukon,28-03-2020,4,0,0,4,641,,
99,Repatriated travellers,Voyageurs rapatriés,28-03-2020,13,0,0,13,0,,
1,Canada,Canada,28-03-2020,5386,39,59,5425,187448,,
59,British Columbia,Colombie-Britannique,29-03-2020,884,0,17,884,33476,,
48,Alberta,Alberta,29-03-2020,621,0,2,621,44097,,
47,Saskatchewan,Saskatchewan,29-03-2020,134,0,0,134,8822,,
46,Manitoba,Manitoba,29-03-2020,69,3,1,72,7876,,
35,Ontario,Ontario,29-03-2020,1355,0,19,1355,52002,,
24,Quebec,Québec,29-03-2020,2840,0,22,2840,52204,,
10,Newfoundland and Labrador,Terre-Neuve-et-Labrador,29-03-2020,135,0,0,135,2107,,
13,New Brunswick,Nouveau-Brunswick,29-03-2020,66,0,0,66,2847,,
12,Nova Scotia,Nouvelle-Écosse,29-03-2020,122,0,0,122,4984,,
11,Prince Edward Island,Île-du-Prince-Édouard,29-03-2020,11,0,0,11,477,,
61,Northwest Territories,Territoires du Nord-Ouest,29-03-2020,1,0,0,1,740,,
62,Nunavut,Nunavut,29-03-2020,0,0,0,0,125,,
60,Yukon,Yukon,29-03-2020,4,0,0,4,678,,
99,Repatriated travellers,Voyageurs rapatriés,29-03-2020,13,0,0,13,0,,
1,Canada,Canada,29-03-2020,6255,3,61,6258,210435,,
59,British Columbia,Colombie-Britannique,30-03-2020,960,0,19,960,34969,,
48,Alberta,Alberta,30-03-2020,690,0,8,690,46057,,
47,Saskatchewan,Saskatchewan,30-03-2020,175,0,2,175,9372,,
46,Manitoba,Manitoba,30-03-2020,83,13,1,96,8326,,
35,Ontario,Ontario,30-03-2020,1706,0,33,1706,54112,,
24,Quebec,Québec,30-03-2020,3430,0,25,3430,59715,,
10,Newfoundland and Labrador,Terre-Neuve-et-Labrador,30-03-2020,148,0,1,148,2332,,
13,New Brunswick,Nouveau-Brunswick,30-03-2020,68,0,0,68,3267,,
12,Nova Scotia,Nouvelle-Écosse,30-03-2020,127,0,0,127,5492,,
11,Prince Edward Island,Île-du-Prince-Édouard,30-03-2020,18,0,0,18,477,,
61,Northwest Territories,Territoires du Nord-Ouest,30-03-2020,1,0,0,1,740,,
62,Nunavut,Nunavut,30-03-2020,0,0,0,0,158,,
60,Yukon,Yukon,30-03-2020,5,0,0,5,688,,
99,Repatriated travellers,Voyageurs rapatriés,30-03-2020,13,0,0,13,0,,
1,Canada,Canada,30-03-2020,7424,13,89,7437,225705,,
59,British Columbia,Colombie-Britannique,31-03-2020,970,0,19,970,36024,,
48,Alberta,Alberta,31-03-2020,754,0,9,754,48692,,
47,Saskatchewan,Saskatchewan,31-03-2020,184,0,2,184,9372,,
46,Manitoba,Manitoba,31-03-2020,91,12,1,103,8629,,
35,Ontario,Ontario,31-03-2020,1966,0,33,1966,55909,,
24,Quebec,Québec,31-03-2020,4162,0,31,4162,67540,,
10,Newfoundland and Labrador,Terre-Neuve-et-Labrador,31-03-2020,152,0,1,152,2500,,
13,New Brunswick,Nouveau-Brunswick,31-03-2020,70,0,0,70,3630,,
12,Nova Scotia,Nouvelle-Écosse,31-03-2020,147,0,0,147,6614,,
11,Prince Edward Island,Île-du-Prince-Édouard,31-03-2020,21,0,0,21,551,,
61,Northwest Territories,Territoires du Nord-Ouest,31-03-2020,1,0,0,1,808,,
62,Nunavut,Nunavut,31-03-2020,0,0,0,0,167,,
60,Yukon,Yukon,31-03-2020,5,0,0,5,702,,
99,Repatriated travellers,Voyageurs rapatriés,31-03-2020,13,0,0,13,0,,
1,Canada,Canada,31-03-2020,8536,12,96,8548,241138,,
59,British Columbia,Colombie-Britannique,01-04-2020,1066,0,25,1066,36364,,
48,Alberta,Alberta,01-04-2020,754,0,9,754,53141,,
47,Saskatchewan,Saskatchewan,01-04-2020,193,0,3,193,10202,,
46,Manitoba,Manitoba,01-04-2020,109,18,1,127,9811,,
35,Ontario,Ontario,01-04-2020,2392,0,37,2392,61009,,
24,Quebec,Québec,01-04-2020,4611,0,33,4611,69711,,
10,Newfoundland and Labrador,Terre-Neuve-et-Labrador,01-04-2020,175,0,1,175,2762,,
13,New Brunswick,Nouveau-Brunswick,01-04-2020,81,0,0,81,4121,,
12,Nova Scotia,Nouvelle-Écosse,01-04-2020,173,0,0,173,7405,,
11,Prince Edward Island,Île-du-Prince-Édouard,01-04-2020,21,0,0,21,551,,
61,Northwest Territories,Territoires du Nord-Ouest,01-04-2020,2,0,0,2,951,,
62,Nunavut,Nunavut,01-04-2020,0,0,0,0,183,,
60,Yukon,Yukon,01-04-2020,5,0,0,5,722,,
99,Repatriated travellers,Voyageurs rapatriés,01-04-2020,13,0,0,13,0,,
1,Canada,Canada,01-04-2020,9595,18,109,9613,256933,,
59,British Columbia,Colombie-Britannique,02-04-2020,1121,0,31,1121,36966,,
48,Alberta,Alberta,02-04-2020,968,0,13,968,57096,,
47,Saskatchewan,Saskatchewan,02-04-2020,206,0,3,206,11034,,
46,Manitoba,Manitoba,02-04-2020,152,15,1,167,11098,,
35,Ontario,Ontario,02-04-2020,2793,0,53,2793,64785,,
24,Quebec,Québec,02-04-2020,5518,0,36,5518,74542,,
10,Newfoundland and Labrador,Terre-Neuve-et-Labrador,02-04-2020,183,0,1,183,2904,,
13,New Brunswick,Nouveau-Brunswick,02-04-2020,91,0,0,91,4625,,
12,Nova Scotia,Nouvelle-Écosse,02-04-2020,193,0,0,193,8059,,
11,Prince Edward Island,Île-du-Prince-Édouard,02-04-2020,22,0,0,22,653,,
60,Yukon,Yukon,02-04-2020,6,0,0,6,742,,
61,Northwest Territories,Territoires du Nord-Ouest,02-04-2020,2,0,0,2,969,,
62,Nunavut,Nunavut,02-04-2020,0,0,0,0,193,,
99,Repatriated travellers,Voyageurs rapatriés,02-04-2020,13,0,0,13,0,,
1,Canada,Canada,02-04-2020,11268,15,138,11283,273666,,
59,British Columbia,Colombie-Britannique,03-04-2020,1174,0,35,1174,39926,,
48,Alberta,Alberta,03-04-2020,1075,0,18,1075,60508,,
47,Saskatchewan,Saskatchewan,03-04-2020,220,0,3,220,11720,,
46,Manitoba,Manitoba,03-04-2020,164,18,2,182,11650,,
35,Ontario,Ontario,03-04-2020,3255,0,67,3255,67998,,
24,Quebec,Québec,03-04-2020,6101,0,61,6101,83570,,
10,Newfoundland and Labrador,Terre-Neuve-et-Labrador,03-04-2020,183,0,1,183,5036,,
13,New Brunswick,Nouveau-Brunswick,03-04-2020,95,0,0,95,3136,,
12,Nova Scotia,Nouvelle-Écosse,03-04-2020,207,0,0,207,8799,,
11,Prince Edward Island,Île-du-Prince-Édouard,03-04-2020,22,0,0,22,653,,
60,Yukon,Yukon,03-04-2020,6,0,0,6,753,,
61,Northwest Territories,Territoires du Nord-Ouest,03-04-2020,4,0,0,4,1109,,
62,Nunavut,Nunavut,03-04-2020,0,0,0,0,207,,
99,Repatriated travellers,Voyageurs rapatriés,03-04-2020,13,0,0,13,0,,
1,Canada,Canada,03-04-2020,12519,18,187,12537,295065,,
